01001100000000010000000000000000 
00111000000000000000000000000101 
00000000010000000000100000000000 
01010100000000010000000000000000 
01000000000000000000000000000000 
00000000000000000001100000000000 
00000100000001000000000000000001 
00101000001000000000000000000101 
00001100001000010000000000000001 
00000000011000000010100000000000 
00000000100000000001100000000000 
00000000101001000010000000000000 
00110000000000000000000000000111 
00000000000000110001000000000000  
00110111111000000000000000000000 

